Accuracy: 0.973311710217735
Precision: 0.973311710217735
Recall: 0.973311710217735
F1 Score: 0.973311710217735
AUC: 0.9941040038823219
