Accuracy: 0.9725589433603975
Precision: 0.9725589433603975
Recall: 0.9725589433603975
F1 Score: 0.9725589433603975
AUC: 0.992251549060091
